0 0 6236
1 6237 3550
2 9788 6713
3 16502 9910
4 26413 2194
5 28608 3685
6 32294 2346
7 34641 3718
8 38360 2954
9 41315 3750
10 45066 1645
11 46712 10117
12 56830 2164
13 58995 4974
14 63970 2410
15 66381 1537
16 67919 7773
17 75693 6626
18 82320 4383
19 86704 9370
20 96075 6269
21 102345 5684
22 108030 2842
23 110873 5609
24 116483 10393
25 126877 4320
26 131198 5900
27 137099 4646
28 141746 2269
29 144016 3376
30 147393 8875
31 156269 1828
32 158098 5734
33 163833 4052
34 167886 4054
35 171941 2633
36 174575 382
37 174958 1880
38 176839 7361
39 184201 4441
40 188643 2455
41 191099 1752
42 192852 3067
43 195920 3479
44 199400 2762
45 202163 5072
46 207236 1200
47 208437 1180
48 209618 3090
49 212709 7475
50 220185 7481
51 227667 1187
52 228855 5921
53 234777 1688
54 236466 2326
55 238793 4691
56 243485 1724
57 245210 3310
58 248521 1918
59 250440 1181
60 251622 2603
61 254226 688
62 254915 2770
63 257686 5081
64 262768 219
65 262988 1640
66 264629 2795
67 267425 4155
68 271581 1251
69 272833 1119
70 273953 1604
71 275558 1191
72 276750 1656
73 278407 844
74 279252 895
75 280148 3730
76 283879 848
77 284728 3083
78 287812 7820
79 295633 2535
80 298169 1508
81 299678 3123
82 302802 1167
83 303970 2669
84 306640 2344
85 308985 1355
86 310341 1047
87 311389 3646
88 315036 3018
89 318055 1460
90 319516 8233
91 327750 1467
92 329218 2041
93 331260 964
94 332225 1659
95 333885 1625
96 335511 922
97 336434 2412
98 338847 9422
99 348270 3886
100 352157 9142
101 361300 6906
102 368207 8595
103 376803 11215
104 388019 14531
105 402551 8701
106 411253 13013
107 424267 12191
108 436459 8423
109 444883 21114
110 465998 12105
111 478104 41952
112 520057 21834
113 541892 21862
114 563755 8921
115 572677 4289
116 576967 5465
117 582433 3024
118 585458 2763
119 588222 3753
120 591976 2116
121 594093 3978
122 598072 12710
123 610783 2490
124 613274 1902
125 615177 3576
126 618754 3816
127 622571 3814
128 626386 1891
129 628278 5337
130 633616 6695
131 640312 2509
132 642822 4536
133 647359 6815
134 654175 1508
135 655684 2419
136 658104 2635
137 660740 771
138 661512 5275
139 666788 290
140 667079 866
141 667946 3440
142 671387 5741
143 677129 1240
144 678370 1372
145 679743 3574
146 683318 4552
147 687871 2366
148 690238 2190
149 692429 3740
150 696170 3943
151 700114 928
152 701043 2917
153 703961 1158
154 705120 1786
155 706907 2005
156 708913 3087
157 712001 7035
158 719037 8436
159 727474 3946
160 731421 3886
161 735308 4643
162 739952 3873
163 743826 4594
164 748421 1151
165 749573 4198
166 753772 2666
167 756439 1704
168 758144 1072
169 759217 4022
170 763240 3836
171 767077 2870
172 769948 1290
173 771239 3149
174 774389 7548
175 781938 18502
176 800441 2197
177 802639 3749
178 806389 1641
179 808031 4175
180 812207 5077
181 817285 8686
182 825972 3092
183 829065 13082
184 842148 3661
185 845810 6235
186 852046 8487
187 860534 5649
188 866184 2139
189 868324 4939
190 873264 1214
191 874479 3846
192 878326 6245
193 884572 1643
194 886216 3422
195 889639 2794
196 892434 6117
197 898552 5317
198 903870 1763
199 905634 6584
200 912219 3637
201 915857 10202
202 926060 6877
203 932938 4521
204 937460 3519
205 940980 6270
206 947251 9467
207 956719 2747
208 959467 2389
209 961857 4490
210 966348 8574
211 974923 1560
212 976484 4814
213 981299 3118
214 984418 5110
215 989529 5484
216 995014 4588
217 999603 5416
218 1005020 1841
219 1006862 3814
220 1010677 6049
221 1016727 2448
222 1019176 4340
223 1023517 965
224 1024483 798
225 1025282 4094
226 1029377 2662
227 1032040 2971
228 1035012 1258
229 1036271 1949
230 1038221 2325
231 1040547 2699
232 1043247 2293
233 1045541 1303
234 1046845 4679
235 1051525 4556
236 1056082 3556
237 1059639 3118
238 1062758 4104
239 1066863 4430
240 1071294 2782
241 1074077 3828
242 1077906 2325
243 1080232 1748
244 1081981 2257
245 1084239 20407
246 1104647 3269
247 1107917 4082
248 1112000 1935
249 1113936 8670
250 1122607 2666
251 1125274 5146
252 1130421 5234
253 1135656 3624
254 1139281 4031
255 1143313 5787
256 1149101 3005
257 1152107 5358
258 1157466 1737
259 1159204 2605
260 1161810 5033
261 1166844 4789
262 1171634 3323
263 1174958 5410
264 1180369 5491
265 1185861 4280
266 1190142 2546
267 1192689 4411
268 1197101 7380
269 1204482 4722
270 1209205 918
271 1210124 801
272 1210926 2248
273 1213175 1745
274 1214921 949
275 1215871 1849
276 1217721 12089
277 1229811 4360
278 1234172 6728
279 1240901 9800
280 1250702 1134
281 1251837 9660
282 1261498 3312
283 1264811 1418
284 1266230 3460
285 1269691 4666
286 1274358 5533
287 1279892 2588
288 1282481 3844
289 1286326 3467
290 1289794 5163
291 1294958 5254
292 1300213 1292
293 1301506 9319
294 1310826 3246
295 1314073 602
296 1314676 1550
297 1316227 3305
298 1319533 1887
299 1321421 3270
300 1324692 5074
301 1329767 2070
302 1331838 5801
303 1337640 2318
304 1339959 4219
305 1344179 4911
306 1349091 9610
307 1358702 2040
308 1360743 1874
309 1362618 2666
310 1365285 3206
311 1368492 9241
312 1377734 3435
313 1381170 8356
314 1389527 2138
315 1391666 1735
316 1393402 999
317 1394402 1409
318 1395812 1073
319 1396886 1354
320 1398241 5343
321 1403585 5002
322 1408588 2175
323 1410764 1762
324 1412527 3976
325 1416504 2329
326 1418834 2257
327 1421092 7572
328 1428665 1313
329 1429979 1460
330 1431440 4291
331 1435732 1293
332 1437026 1257
333 1438284 1435
334 1439720 1712
335 1441433 5178
336 1446612 2544
337 1449157 1398
338 1450556 3187
339 1453744 10812
340 1464557 3754
341 1468312 9363
342 1477676 3752
343 1481429 1437
344 1482867 2028
345 1484896 7008
346 1491905 1882
347 1493788 6935
348 1500724 3077
349 1503802 1901
350 1505704 12559
351 1518264 5246
352 1523511 4588
353 1528100 1383
354 1529484 2465
355 1531950 2297
356 1534248 2135
357 1536384 3596
358 1539981 1376
359 1541358 10851
360 1552210 1169
361 1553380 701
362 1554082 4744
363 1558827 2064
364 1560892 1320
365 1562213 929
366 1563143 7382
367 1570526 3120
368 1573647 1918
369 1575566 2898
370 1578465 998
371 1579464 1340
372 1580805 1380
373 1582186 553
374 1582740 4623
375 1587364 4950
376 1592315 3216
377 1595532 2211
378 1597744 884
379 1598629 814
380 1599444 1251
381 1600696 5577
382 1606274 1579
383 1607854 788
384 1608643 1679
385 1610323 12790
386 1623114 577
387 1623692 1833
388 1625526 2492
389 1628019 2340
390 1630360 2707
391 1633068 1673
392 1634742 646
393 1635389 2152
394 1637542 2180
395 1639723 2218
396 1641942 2323
397 1644266 2152
398 1646419 509
399 1646929 2448
400 1649378 1259
401 1650638 3111
402 1653750 1581
403 1655332 733
404 1656066 1068
405 1657135 14449
406 1671585 1092
407 1672678 2483
408 1675162 3052
409 1678215 6078
410 1684294 8849
411 1693144 11134
412 1704279 2038
413 1706318 6315
414 1712634 5445
415 1718080 5755
416 1723836 1208
417 1725045 4884
418 1729930 9665
419 1739596 5381
420 1744978 2930
421 1747909 1995
422 1749905 1961
423 1751867 2326
424 1754194 1827
425 1756022 1421
426 1757444 1505
427 1758950 1640
428 1760591 3458
429 1764050 2554
430 1766605 15178
431 1781784 7933
432 1789718 3689
433 1793408 6137
434 1799546 2540
435 1802087 3699
436 1805787 2743
437 1808531 1401
438 1809933 4797
439 1814731 1421
440 1816153 1715
441 1817869 1847
442 1819717 2836
443 1822554 8127
444 1830682 7495
445 1838178 3506
446 1841685 9684
447 1851370 1648
448 1853019 957
449 1853977 1668
450 1855646 4144
451 1859791 1038
452 1860830 14948
453 1875779 6458
454 1882238 3490
455 1885729 3501
456 1889231 1219
457 1890451 4798
458 1895250 767
459 1896018 506
460 1896525 7662
461 1904188 2841
462 1907030 3638
463 1910669 2719
464 1913389 1218
465 1914608 998
466 1915607 11237
467 1926845 4989
468 1931835 5738
469 1937574 1732
470 1939307 856
471 1940164 22033
472 1962198 1475
473 1963674 6475
474 1970150 6313
475 1976464 1604
476 1978069 3726
477 1981796 621
478 1982418 660
479 1983079 628
480 1983708 679
481 1984388 661
482 1985050 631
483 1985682 549
484 1986232 558
485 1986791 693
486 1987485 656
487 1988142 679
488 1988822 650
489 1989473 633
490 1990107 636
491 1990744 636
492 1991381 636
493 1992018 633
494 1992652 621
495 1993274 650
496 1993925 638
497 1994564 654
498 1995219 643
499 1995863 559
500 1996423 628
501 1997052 689
502 1997742 626
503 1998369 360
504 1998730 677
505 1999408 630
506 2000039 440
507 2000480 637
508 2001118 687
509 2001806 633
510 2002440 665
511 2003106 657
512 2003764 658
513 2004423 678
514 2005102 656
515 2005759 666
516 2006426 657
517 2007084 634
518 2007719 634
519 2008354 621
520 2008976 661
521 2009638 628
522 2010267 682
523 2010950 638
524 2011589 641
525 2012231 351
526 2012583 559
527 2013143 654
528 2013798 645
529 2014444 559
530 2015004 619
531 2015624 678
532 2016303 559
533 2016863 630
534 2017494 664
535 2018159 628
536 2018788 682
537 2019471 672
538 2020144 646
539 2020791 559
540 2021351 303
541 2021655 320
542 2021976 654
543 2022631 643
544 2023275 298
545 2023574 320
546 2023895 675
547 2024571 559
548 2025131 622
549 2025754 656
550 2026411 678
551 2027090 641
552 2027732 622
553 2028355 617
554 2028973 621
555 2029595 630
556 2030226 655
557 2030882 641
558 2031524 645
559 2032170 665
560 2032836 622
561 2033459 634
562 2034094 645
563 2034740 643
564 2035384 690
565 2036075 666
566 2036742 666
567 2037409 643
568 2038053 684
569 2038738 672
570 2039411 663
571 2040075 672
572 2040748 652
573 2041401 593
574 2041995 634
575 2042630 621
576 2043252 622
577 2043875 624
578 2044500 638
579 2045139 647
580 2045787 639
581 2046427 662
582 2047090 547
583 2047638 647
584 2048286 639
585 2048926 628
586 2049555 634
587 2050190 637
588 2050828 629
589 2051458 631
590 2052090 638
591 2052729 624
592 2053354 670
593 2054025 648
594 2054674 637
595 2055312 674
596 2055987 674
597 2056662 622
598 2057285 608
599 2057894 626
600 2058521 632
601 2059154 648
602 2059803 641
603 2060445 643
604 2061089 547
605 2061637 649
606 2062287 632
607 2062920 636
608 2063557 629
609 2064187 637
610 2064825 621
611 2065447 646
612 2066094 649
613 2066744 609
614 2067354 626
615 2067981 633
616 2068615 650
617 2069266 642
618 2069909 631
619 2070541 549
620 2071091 634
621 2071726 638
622 2072365 627
623 2072993 637
624 2073631 628
625 2074260 653
626 2074914 711
627 2075626 648
628 2076275 636
629 2076912 577
630 2077490 546
631 2078037 639
632 2078677 640
633 2079318 619
634 2079938 626
635 2080565 634
636 2081200 647
637 2081848 640
638 2082489 636
639 2083126 636
640 2083763 629
641 2084393 636
642 2085030 636
643 2085667 625
644 2086293 634
645 2086928 650
646 2087579 636
647 2088216 610
648 2088827 629
649 2089457 632
650 2090090 650
651 2090741 639
652 2091381 623
653 2092005 546
654 2092552 636
655 2093189 634
656 2093824 625
657 2094450 636
658 2095087 624
659 2095712 630
660 2096343 650
661 2096994 624
662 2097619 610
663 2098230 635
664 2098866 633
665 2099500 651
666 2100152 641
667 2100794 631
668 2101426 636
669 2102063 546
670 2102610 695
671 2103306 636
672 2103943 629
673 2104573 636
674 2105210 698
675 2105909 684
676 2106594 625
677 2107220 650
678 2107871 645
679 2108517 671
680 2109189 653
681 2109843 677
682 2110521 672
683 2111194 662
684 2111857 650
685 2112508 665
686 2113174 666
687 2113841 663
688 2114505 668
689 2115174 599
690 2115774 639
691 2116414 637
692 2117052 619
693 2117672 635
694 2118308 628
695 2118937 651
696 2119589 640
697 2120230 669
698 2120900 546
699 2121447 622
700 2122070 615
701 2122686 657
702 2123344 637
703 2123982 628
704 2124611 665
705 2125277 636
706 2125914 609
707 2126524 650
708 2127175 636
709 2127812 608
710 2128421 634
711 2129056 633
712 2129690 651
713 2130342 643
714 2130986 637
715 2131624 548
716 2132173 636
717 2132810 636
718 2133447 627
719 2134075 636
720 2134712 615
721 2135328 649
722 2135978 636
723 2136615 612
724 2137228 547
725 2137776 637
726 2138414 636
727 2139051 649
728 2139701 610
729 2140312 636
730 2140949 634
731 2141584 650
732 2142235 640
733 2142876 669
734 2143546 644
735 2144191 635
736 2144827 627
737 2145455 644
738 2146100 700
739 2146801 610
740 2147412 642
741 2148055 687
742 2148743 631
743 2149375 651
744 2150027 644
745 2150672 660
746 2151333 671
747 2152005 696
748 2152702 669
749 2153372 646
750 2154019 648
751 2154668 641
752 2155310 667
753 2155978 659
754 2156638 702
755 2157341 574
756 2157916 636
757 2158553 633
758 2159187 615
759 2159803 635
760 2160439 634
761 2161074 651
762 2161726 637
763 2162364 680
764 2163045 548
765 2163594 644
766 2164239 643
767 2164883 626
768 2165510 643
769 2166154 638
770 2166793 647
771 2167441 644
772 2168086 651
773 2168738 615
774 2169354 629
775 2169984 622
776 2170607 641
777 2171249 637
778 2171887 656
779 2172544 547
780 2173092 644
781 2173737 651
782 2174389 636
783 2175026 625
784 2175652 644
785 2176297 646
786 2176944 656
787 2177601 644
788 2178246 548
789 2178795 665
790 2179461 644
791 2180106 641
792 2180748 624
793 2181373 644
794 2182018 643
795 2182662 612
796 2183275 630
797 2183906 644
798 2184551 634
799 2185186 700
800 2185887 648
801 2186536 654
802 2187191 668
803 2187860 666
804 2188527 644
805 2189172 656
806 2189829 660
807 2190490 645
808 2191136 658
809 2191795 655
810 2192451 5035
811 2197487 9660
812 2207148 1669
813 2208818 762
814 2209581 747
815 2210329 2893
816 2213223 1853
817 2215077 2291
818 2217369 3187
819 2220557 2907
820 2223465 2959
821 2226425 2971
822 2229397 2408
823 2231806 2451
824 2234258 2496
825 2236755 879
826 2237635 1616
827 2239252 5746
828 2244999 2536
829 2247536 1300
830 2248837 2064
831 2250902 1587
832 2252490 2901
833 2255392 5688
834 2261081 1183
835 2262265 2798
836 2265064 1826
837 2266891 1225
838 2268117 1103
839 2269221 1754
840 2270976 5976
841 2276953 1791
842 2278745 3410
843 2282156 1563
844 2283720 612
845 2284333 2680
846 2287014 893
847 2287908 5627
848 2293536 5121
849 2298658 1583
850 2300242 758
851 2301001 787
852 2301789 2455
853 2304245 5698
854 2309944 3741
855 2313686 3867
856 2317554 3753
857 2321308 3810
858 2325119 644
859 2325764 5788
860 2331553 710
861 2332264 2829
862 2335094 2816
863 2337911 1073
864 2338985 1264
865 2340250 7389
866 2347640 1457
867 2349098 2257
868 2351356 2102
869 2353459 1439
870 2354899 914
871 2355814 1685
872 2357500 2597
873 2360098 1932
874 2362031 16575
875 2378607 1544
876 2380152 4784
877 2384937 2130
878 2387068 2764
879 2389833 6092
880 2395926 561
881 2396488 4045
882 2400534 2033
883 2402568 1219
884 2403788 4621
885 2408410 872
886 2409283 2138
887 2411422 1913
888 2413336 4151
889 2417488 4693
890 2422182 9010
891 2431193 4023
892 2435217 2673
893 2437891 863
894 2438755 828
895 2439584 905
896 2440490 1041
897 2441532 8290
898 2449823 4188
899 2454012 3195
900 2457208 12741
901 2469950 4427
902 2474378 2334
903 2476713 2441
904 2479155 668
905 2479824 1300
906 2481125 9729
907 2490855 21582
908 2512438 891
909 2513330 3477
910 2516808 1414
911 2518223 1059
912 2519283 5689
913 2524973 1228
914 2526202 885
915 2527088 10532
916 2537621 1343
917 2538965 17077
918 2556043 9273
919 2565317 2789
920 2568107 3910
921 2572018 1304
922 2573323 4490
923 2577814 5841
924 2583656 1020
925 2584677 756
926 2585434 2314
927 2587749 7948
928 2595698 3265
929 2598964 1822
930 2600787 522
931 2601310 1517
932 2602828 2284
933 2605113 3765
934 2608879 5741
935 2614621 1305
936 2615927 3107
937 2619035 1227
938 2620263 1301
939 2621565 1075
940 2622641 5429
941 2628071 935
942 2629007 4284
943 2633292 347
944 2633640 8656
945 2642297 3541
946 2645839 1579
947 2647419 1319
948 2648739 6175
949 2654915 3913
950 2658829 1207
951 2660037 2872
952 2662910 2625
953 2665536 1762
954 2667299 4088
955 2671388 12496
956 2683885 1455
957 2685341 4000
958 2689342 3530
959 2692873 1339
960 2694213 1074
961 2695288 3909
962 2699198 6690
963 2705889 1598
964 2707488 1500
965 2708989 1450
966 2710440 2372
967 2712813 2165
968 2714979 1721
969 2716701 1744
970 2718446 1141
971 2719588 1616
972 2721205 778
973 2721984 6764
974 2728749 8075
975 2736825 1451
976 2738277 1069
977 2739347 4581
978 2743929 2384
979 2746314 1151
980 2747466 6317
981 2753784 1784
982 2755569 7494
983 2763064 2177
984 2765242 6238
985 2771481 3911
986 2775393 1371
987 2776765 8155
988 2784921 6682
989 2791604 9242
990 2800847 3575
991 2804423 2215
992 2806639 3357
993 2809997 4635
994 2814633 1691
995 2816325 3766
996 2820092 1646
997 2821739 2710
998 2824450 2696
999 2827147 537
1000 2827685 4155
1001 2831841 6068
1002 2837910 1758
1003 2839669 3575
1004 2843245 2469
1005 2845715 6008
1006 2851724 5624
1007 2857349 7743
1008 2865093 4933
1009 2870027 930
1010 2870958 1292
1011 2872251 2022
1012 2874274 4069
1013 2878344 3509
1014 2881854 609
1015 2882464 4054
1016 2886519 2900
1017 2889420 2801
1018 2892222 3398
1019 2895621 5455
1020 2901077 4506
1021 2905584 4953
1022 2910538 2688
1023 2913227 8854
1024 2922082 9349
1025 2931432 5448
1026 2936881 7242
1027 2944124 2515
1028 2946640 8148
1029 2954789 1302
1030 2956092 1862
1031 2957955 3037
1032 2960993 4419
1033 2965413 2039
1034 2967453 1213
1035 2968667 1216
1036 2969884 5154
1037 2975039 2772
1038 2977812 4031
1039 2981844 1142
1040 2982987 2005
1041 2984993 1335
1042 2986329 2881
1043 2989211 1583
1044 2990795 766
1045 2991562 560
1046 2992123 889
1047 2993013 699
1048 2993713 561
1049 2994275 595
1050 2994871 1366
1051 2996238 3535
1052 2999774 3736
1053 3003511 538
1054 3004050 2101
1055 3006152 1356
1056 3007509 3375
1057 3010885 6120
1058 3017006 3186
1059 3020193 5325
1060 3025519 3031
1061 3028551 3798
1062 3032350 3275
1063 3035626 3022
1064 3038649 1912
1065 3040562 3169
1066 3043732 1958
1067 3045691 9840
1068 3055532 2058
1069 3057591 3791
1070 3061383 3359
1071 3064743 4151
1072 3068895 1542
1073 3070438 1457
1074 3071896 2350
1075 3074247 1949
1076 3076197 3113
1077 3079311 2736
1078 3082048 2370
1079 3084419 491
1080 3084911 3165
1081 3088077 2127
1082 3090205 10133
1083 3100339 1144
1084 3101484 1360
1085 3102845 5153
1086 3107999 2547
1087 3110547 6630
1088 3117178 7788
1089 3124967 1436
1090 3126404 1780
1091 3128185 2254
1092 3130440 3419
1093 3133860 1783
1094 3135644 2114
1095 3137759 6022
1096 3143782 2094
1097 3145877 1451
1098 3147329 1109
1099 3148439 3187
1100 3151627 6324
1101 3157952 1841
1102 3159794 2380
1103 3162175 2597
1104 3164773 2536
1105 3167310 3613
1106 3170924 1293
1107 3172218 8456
1108 3180675 3777
1109 3184453 10007
1110 3194461 4051
1111 3198513 7159
1112 3205673 3329
1113 3209003 6415
1114 3215419 4306
1115 3219726 4624
1116 3224351 2951
1117 3227303 1308
1118 3228612 3074
1119 3231687 1965
1120 3233653 1688
1121 3235342 1736
1122 3237079 3361
1123 3240441 2081
1124 3242523 2144
1125 3244668 1006
1126 3245675 1908
1127 3247584 3958
1128 3251543 2214
1129 3253758 5373
1130 3259132 1762
1131 3260895 1899
1132 3262795 2560
1133 3265356 2204
1134 3267561 2393
1135 3269955 2174
1136 3272130 1803
1137 3273934 2399
1138 3276334 4911
1139 3281246 13434
1140 3294681 974
1141 3295656 14076
1142 3309733 1851
1143 3311585 1531
1144 3313117 1017
1145 3314135 1303
1146 3315439 1773
1147 3317213 6064
1148 3323278 2944
1149 3326223 2971
1150 3329195 2360
1151 3331556 1957
1152 3333514 2788
1153 3336303 5401
1154 3341705 14993
1155 3356699 7213
1156 3363913 3301
1157 3367215 3200
1158 3370416 2562
1159 3372979 2876
1160 3375856 1362
1161 3377219 2312
1162 3379532 5249
1163 3384782 1618
1164 3386401 1312
1165 3387714 1998
1166 3389713 2080
1167 3391794 2583
1168 3394378 2044
1169 3396423 1506
1170 3397930 1503
1171 3399434 1414
1172 3400849 2492
1173 3403342 5589
1174 3408932 2571
1175 3411504 8500
1176 3420005 7330
1177 3427336 2435
1178 3429772 1485
1179 3431258 1664
1180 3432923 2695
1181 3435619 2597
1182 3438217 2272
1183 3440490 3084
1184 3443575 2091
1185 3445667 3007
1186 3448675 6882
1187 3455558 6367
1188 3461926 6806
1189 3468733 6683
1190 3475417 3962
1191 3479380 8023
1192 3487404 7708
1193 3495113 3140
1194 3498254 1821
1195 3500076 2993
1196 3503070 1571
1197 3504642 3046
1198 3507689 3458
1199 3511148 1870
1200 3513019 1549
1201 3514569 4774
1202 3519344 1761
1203 3521106 1526
1204 3522633 2484
1205 3525118 3638
1206 3528757 2056
1207 3530814 1482
1208 3532297 2826
1209 3535124 7606
1210 3542731 3299
1211 3546031 3614
1212 3549646 8809
1213 3558456 3750
1214 3562207 2829
1215 3565037 2214
1216 3567252 3569
1217 3570822 3508
1218 3574331 2086
1219 3576418 1606
1220 3578025 1817
1221 3579843 6354
1222 3586198 3211
1223 3589410 2256
1224 3591667 1879
1225 3593547 3425
1226 3596973 5501
1227 3602475 2022
1228 3604498 4142
1229 3608641 2733
1230 3611375 3689
1231 3615065 1764
1232 3616830 1556
1233 3618387 1543
1234 3619931 1641
1235 3621573 3635
1236 3625209 2743
1237 3627953 3977
1238 3631931 2392
1239 3634324 2411
1240 3636736 2592
1241 3639329 2393
1242 3641723 2501
1243 3644225 21949
1244 3666175 3212
1245 3669388 3601
1246 3672990 6314
1247 3679305 3106
1248 3682412 3316
1249 3685729 3427
1250 3689157 5209
1251 3694367 1627
1252 3695995 2608
1253 3698604 3430
1254 3702035 2469
1255 3704505 1101
1256 3705607 2378
1257 3707986 5090
1258 3713077 4224
1259 3717302 3031
1260 3720334 3786
1261 3724121 2656
1262 3726778 5424
1263 3732203 2545
1264 3734749 3775
1265 3738525 1119
1266 3739645 5138
1267 3744784 1446
1268 3746231 1232
1269 3747464 2063
1270 3749528 7282
1271 3756811 3341
1272 3760153 2555
1273 3762709 3681
1274 3766391 2020
1275 3768412 3238
1276 3771651 2874
1277 3774526 7355
1278 3781882 419
1279 3782302 515
1280 3782818 10861
1281 3793680 4405
1282 3798086 3668
1283 3801755 8798
1284 3810554 3385
1285 3813940 2072
1286 3816013 2021
1287 3818035 7029
1288 3825065 6273
1289 3831339 3706
1290 3835046 2266
1291 3837313 14553
1292 3851867 6420
1293 3858288 1350
1294 3859639 1998
1295 3861638 2922
1296 3864561 2606
1297 3867168 2154
1298 3869323 1587
1299 3870911 766
1300 3871678 1374
1301 3873053 762
1302 3873816 412
1303 3874229 3949
1304 3878179 2992
1305 3881172 4107
1306 3885280 7358
1307 3892639 5308
1308 3897948 1347
1309 3899296 1157
1310 3900454 937
1311 3901392 1860
1312 3903253 2393
1313 3905647 5386
1314 3911034 2470
1315 3913505 7912
1316 3921418 2410
1317 3923829 941
1318 3924771 870
1319 3925642 1658
1320 3927301 2262
1321 3929564 7176
1322 3936741 1658
1323 3938400 4681
1324 3943082 2447
1325 3945530 3581
1326 3949112 2700
1327 3951813 6930
1328 3958744 2327
1329 3961072 3030
1330 3964103 4602
1331 3968706 2548
1332 3971255 2902
1333 3974158 1933
1334 3976092 1275
1335 3977368 4745
1336 3982114 1636
1337 3983751 989
1338 3984741 1623
1339 3986365 1802
1340 3988168 4555
1341 3992724 1698
1342 3994423 2665
1343 3997089 9130
1344 4006220 1886
1345 4008107 2615
1346 4010723 3562
1347 4014286 6150
1348 4020437 3393
1349 4023831 2978
1350 4026810 7864
1351 4034675 1760
1352 4036436 2227
1353 4038664 1672
1354 4040337 988
1355 4041326 2412
1356 4043739 1663
1357 4045403 1757
1358 4047161 14812
1359 4061974 7210
1360 4069185 3158
1361 4072344 1705
1362 4074050 1436
1363 4075487 7679
1364 4083167 1985
1365 4085153 2140
1366 4087294 1785
1367 4089080 1705
1368 4090786 2103
1369 4092890 1167
1370 4094058 8042
1371 4102101 11502
1372 4113604 2056
1373 4115661 3540
1374 4119202 5164
1375 4124367 5335
1376 4129703 5144
1377 4134848 6304
1378 4141153 1027
1379 4142181 6968
1380 4149150 2908
1381 4152059 9286
1382 4161346 4160
1383 4165507 6317
1384 4171825 2866
1385 4174692 1567
1386 4176260 2921
1387 4179182 3403
1388 4182586 1783
1389 4184370 5523
1390 4189894 8999
1391 4198894 2304
1392 4201199 8388
1393 4209588 6787
1394 4216376 6441
1395 4222818 3694
1396 4226513 3388
1397 4229902 2894
1398 4232797 3422
1399 4236220 487
1400 4236708 2178
1401 4238887 3922
1402 4242810 3617
1403 4246428 2921
1404 4249350 3577
1405 4252928 2705
1406 4255634 6546
1407 4262181 9374
1408 4271556 8380
1409 4279937 10468
1410 4290406 9660
1411 4300067 10222
1412 4310290 7921
1413 4318212 5444
1414 4323657 6211
1415 4329869 7462
1416 4337332 3455
1417 4340788 3906
1418 4344695 2369
1419 4347065 1557
1420 4348623 1663
1421 4350287 3151
1422 4353439 3518
1423 4356958 7568
1424 4364527 4554
1425 4369082 3456
1426 4372539 11389
1427 4383929 5064
1428 4388994 4792
1429 4393787 1086
1430 4394874 4141
1431 4399016 3656
1432 4402673 3440
1433 4406114 4309
1434 4410424 4910
1435 4415335 4563
1436 4419899 7987
1437 4427887 2255
1438 4430143 5521
1439 4435665 4342
1440 4440008 6365
1441 4446374 4769
1442 4451144 2158
1443 4453303 2149
1444 4455453 1481
1445 4456935 3322
1446 4460258 4591
1447 4464850 4144
1448 4468995 6111
1449 4475107 8382
1450 4483490 1867
1451 4485358 5620
1452 4490979 7247
1453 4498227 1256
1454 4499484 3363
1455 4502848 4034
1456 4506883 1599
1457 4508483 7208
1458 4515692 2765
1459 4518458 9903
1460 4528362 4246
1461 4532609 5782
1462 4538392 811
1463 4539204 3690
1464 4542895 1989
1465 4544885 6540
1466 4551426 8140
1467 4559567 3624
1468 4563192 4963
1469 4568156 3452
1470 4571609 1856
1471 4573466 1004
1472 4574471 1412
1473 4575884 1176
1474 4577061 2113
1475 4579175 1309
1476 4580485 1752
1477 4582238 1805
1478 4584044 2156
1479 4586201 1815
1480 4588017 7639
1481 4595657 18139
1482 4613797 3860
1483 4617658 4398
1484 4622057 3353
1485 4625411 3569
1486 4628981 10327
1487 4639309 4076
1488 4643386 1239
1489 4644626 900
1490 4645527 1501
1491 4647029 981
1492 4648011 1973
1493 4649985 4434
1494 4654420 1652
1495 4656073 6093
1496 4662167 7602
1497 4669770 1957
1498 4671728 3990
1499 4675719 2668
1500 4678388 4756
1501 4683145 8696
1502 4691842 4933
1503 4696776 7973
1504 4704750 4797
1505 4709548 9965
1506 4719514 2121
1507 4721636 1602
1508 4723239 2067
1509 4725307 2414
1510 4727722 2841
1511 4730564 2573
1512 4733138 13147
1513 4746286 2482
1514 4748769 2173
1515 4750943 2452
1516 4753396 3055
1517 4756452 1502
1518 4757955 10075
1519 4768031 9538
1520 4777570 4689
1521 4782260 6993
1522 4789254 3638
1523 4792893 3409
1524 4796303 2858
1525 4799162 5869
1526 4805032 3091
1527 4808124 5759
1528 4813884 4779
1529 4818664 13536
1530 4832201 3831
1531 4836033 2964
1532 4838998 1512
1533 4840511 8061
1534 4848573 5676
1535 4854250 12411
1536 4866662 3715
1537 4870378 2144
1538 4872523 5470
1539 4877994 5802
1540 4883797 7898
1541 4891696 10120
1542 4901817 3580
1543 4905398 3374
1544 4908773 2167
1545 4910941 3769
1546 4914711 1955
1547 4916667 1455
1548 4918123 7363
1549 4925487 1041
1550 4926529 964
1551 4927494 1573
1552 4929068 3248
1553 4932317 1846
1554 4934164 4006
1555 4938171 2158
1556 4940330 4003
1557 4944334 1401
1558 4945736 4912
1559 4950649 2616
1560 4953266 1757
1561 4955024 1988
1562 4957013 1498
1563 4958512 1589
1564 4960102 3066
1565 4963169 1015
1566 4964185 607
1567 4964793 1403
1568 4966197 1659
1569 4967857 1558
1570 4969416 8842
1571 4978259 7729
1572 4985989 4107
1573 4990097 2900
1574 4992998 613
1575 4993612 7455
1576 5001068 3981
1577 5005050 11816
1578 5016867 4662
1579 5021530 2521
1580 5024052 3855
1581 5027908 15101
1582 5043010 6046
1583 5049057 2594
1584 5051652 329
1585 5051982 2288
1586 5054271 3802
1587 5058074 2782
1588 5060857 13213
1589 5074071 7660
1590 5081732 1901
1591 5083634 2748
1592 5086383 1917
1593 5088301 1817
1594 5090119 3351
1595 5093471 2196
1596 5095668 2977
1597 5098646 1971
1598 5100618 1821
1599 5102440 2159
1600 5104600 2799
1601 5107400 2820
1602 5110221 1928
1603 5112150 2538
1604 5114689 3269
1605 5117959 2160
1606 5120120 1891
1607 5122012 1754
1608 5123767 2072
1609 5125840 4369
1610 5130210 3860
1611 5134071 3680
1612 5137752 2923
1613 5140676 2426
1614 5143103 2541
1615 5145645 2306
1616 5147952 2335
1617 5150288 344
1618 5150633 5725
1619 5156359 9636
1620 5165996 2717
1621 5168714 882
1622 5169597 4392
1623 5173990 7014
1624 5181005 329
1625 5181335 3110
1626 5184446 2610
1627 5187057 2353
1628 5189411 2566
1629 5191978 3499
1630 5195478 4284
1631 5199763 2538
1632 5202302 4882
1633 5207185 2728
1634 5209914 8092
1635 5218007 2703
1636 5220711 6096
1637 5226808 2421
1638 5229230 1235
1639 5230466 17304
1640 5247771 9555
1641 5257327 2924
1642 5260252 3204
1643 5263457 5779
1644 5269237 3415
1645 5272653 1941
1646 5274595 3007
1647 5277603 4386
1648 5281990 4154
1649 5286145 3713
1650 5289859 2968
1651 5292828 23756
1652 5316585 10849
1653 5327435 15785
1654 5343221 29840
1655 5373062 3700
1656 5376763 2830
1657 5379594 2717
1658 5382312 1269
1659 5383582 1123
1660 5384706 880
1661 5385587 1000
1662 5386588 1015
1663 5387604 2377
1664 5389982 1759
1665 5391742 1168
1666 5392911 922
1667 5393834 1153
1668 5394988 1375
1669 5396364 1018
1670 5397383 1967
1671 5399351 2637
1672 5401989 1291
1673 5403281 2758
1674 5406040 2834
1675 5408875 2978
1676 5411854 1049
1677 5412904 3530
1678 5416435 2498
1679 5418934 4263
1680 5423198 3311
1681 5426510 5788
1682 5432299 3298
1683 5435598 917
1684 5436516 2313
1685 5438830 4527
1686 5443358 808
1687 5444167 5719
1688 5449887 1250
1689 5451138 5948
1690 5457087 871
1691 5457959 1606
1692 5459566 869
1693 5460436 3240
1694 5463677 6296
1695 5469974 831
1696 5470806 3393
1697 5474200 3982
1698 5478183 1269
1699 5479453 1103
1700 5480557 1822
1701 5482380 1555
1702 5483936 2515
1703 5486452 2514
1704 5488967 1768
1705 5490736 1399
1706 5492136 2924
1707 5495061 2455
1708 5497517 1588
1709 5499106 1881
1710 5500988 1101
1711 5502090 973
1712 5503064 3376
1713 5506441 1978
1714 5508420 1949
1715 5510370 2242
1716 5512613 1974
1717 5514588 3033
1718 5517622 1766
1719 5519389 3122
1720 5522512 536
1721 5523049 1101
1722 5524151 806
1723 5524958 2538
1724 5527497 1054
1725 5528552 2222
1726 5530775 1848
1727 5532624 1438
1728 5534063 721
1729 5534785 1665
1730 5536451 2494
1731 5538946 1554
1732 5540501 2265
1733 5542767 2363
1734 5545131 2222
1735 5547354 1064
1736 5548419 2466
1737 5550886 1405
1738 5552292 4057
1739 5556350 2092
1740 5558443 1795
1741 5560239 4169
1742 5564409 549
1743 5564959 834
1744 5565794 2537
1745 5568332 4127
1746 5572460 3499
1747 5575960 916
1748 5576877 3486
1749 5580364 1217
1750 5581582 2378
1751 5583961 2604
1752 5586566 3767
1753 5590334 2445
1754 5592780 2070
1755 5594851 2538
1756 5597390 3460
1757 5600851 2488
1758 5603340 2540
1759 5605881 19544
1760 5625426 8264
1761 5633691 4363
1762 5638055 4456
1763 5642512 4086
1764 5646599 1527
1765 5648127 4455
1766 5652583 1369
1767 5653953 1187
1768 5655141 1479
1769 5656621 7294
1770 5663916 2173
1771 5666090 17641
1772 5683732 8672
1773 5692405 5609
1774 5698015 4012
1775 5702028 3582
1776 5705611 2039
1777 5707651 15856
1778 5723508 4399
1779 5727908 1155
1780 5729064 1933
1781 5730998 1362
1782 5732361 7982
1783 5740344 5117
1784 5745462 6796
1785 5752259 1809
1786 5754069 8009
1787 5762079 7434
1788 5769514 8349
1789 5777864 4898
1790 5782763 6551
1791 5789315 14964
1792 5804280 7349
1793 5811630 5027
1794 5816658 1370
1795 5818029 1565
1796 5819595 2147
1797 5821743 1347
1798 5823091 854
1799 5823946 6235
1800 5830182 2127
1801 5832310 8004
1802 5840315 4135
1803 5844451 1862
1804 5846314 5195
1805 5851510 5428
1806 5856939 9002
1807 5865942 4668
1808 5870611 9339
1809 5879951 3754
1810 5883706 1074
1811 5884781 1420
1812 5886202 8915
1813 5895118 301
1814 5895420 1716
1815 5897137 804
1816 5897942 1475
1817 5899418 12251
1818 5911670 7949
1819 5919620 4066
1820 5923687 4965
1821 5928653 4442
1822 5933096 8661
1823 5941758 2212
1824 5943971 5340
1825 5949312 2908
1826 5952221 3140
1827 5955362 1709
1828 5957072 7969
1829 5965042 3677
1830 5968720 13829
1831 5982550 3253
1832 5985804 3865
1833 5989670 4288
1834 5993959 11256
1835 6005216 936
1836 6006153 7958
1837 6014112 6236
1838 6020349 819
1839 6021169 5666
1840 6026836 15218
1841 6042055 944
1842 6043000 6051
1843 6049052 694
1844 6049747 5238
1845 6054986 7815
1846 6062802 1473
1847 6064276 4367
1848 6068644 739
1849 6069384 8882
1850 6078267 1384
1851 6079652 4978
1852 6084631 6557
1853 6091189 4715
1854 6095905 4160
1855 6100066 3565
1856 6103632 3004
1857 6106637 8555
1858 6115193 4003
1859 6119197 7475
1860 6126673 37758
1861 6164432 5317
1862 6169750 17703
1863 6187454 5302
1864 6192757 2790
1865 6195548 10459
1866 6206008 3766
1867 6209775 4663
1868 6214439 5374
1869 6219814 4843
1870 6224658 5212
1871 6229871 6716
1872 6236588 6451
1873 6243040 4653
1874 6247694 4125
1875 6251820 8888
1876 6260709 8316
1877 6269026 5386
1878 6274413 4263
1879 6278677 7323
1880 6286001 7832
1881 6293834 5631
1882 6299466 5308
1883 6304775 4440
1884 6309216 4925
1885 6314142 4271
1886 6318414 4303
1887 6322718 5291
1888 6328010 1258
1889 6329269 3986
1890 6333256 19585
1891 6352842 3723
1892 6356566 6350
1893 6362917 4676
1894 6367594 2814
1895 6370409 3485
1896 6373895 3914
1897 6377810 3466
1898 6381277 4279
1899 6385557 11811
1900 6397369 4171
1901 6401541 8113
1902 6409655 7708
1903 6417364 7866
1904 6425231 7221
1905 6432453 1652
1906 6434106 5219
1907 6439326 16186
1908 6455513 4579
1909 6460093 9249
1910 6469343 5275
1911 6474619 4154
1912 6478774 4757
1913 6483532 3996
1914 6487529 10384
1915 6497914 5558
1916 6503473 4109
1917 6507583 3125
1918 6510709 3750
1919 6514460 3317
1920 6517778 3428
1921 6521207 18254
1922 6539462 4784
1923 6544247 5339
1924 6549587 3357
1925 6552945 11410
1926 6564356 7844
1927 6572201 19420
1928 6591622 5420
1929 6597043 1231
1930 6598275 2151
1931 6600427 2845
1932 6603273 3673
1933 6606947 19219
1934 6626167 19568
1935 6645736 4329
1936 6650066 4281
1937 6654348 3505
1938 6657854 12436
1939 6670291 6704
1940 6676996 25297
1941 6702294 11121
1942 6713416 7062
1943 6720479 1552
1944 6722032 5915
1945 6727948 6319
1946 6734268 23554
1947 6757823 1585
1948 6759409 2829
1949 6762239 1938
1950 6764178 1579
1951 6765758 2575
1952 6768334 2023
1953 6770358 3701
1954 6774060 960
1955 6775021 1228
1956 6776250 1899
1957 6778150 1447
1958 6779598 3817
1959 6783416 5707
1960 6789124 2250
1961 6791375 2857
1962 6794233 1519
1963 6795753 5762
1964 6801516 2673
1965 6804190 1303
1966 6805494 1284
1967 6806779 1337
1968 6808117 7587
1969 6815705 1722
1970 6817428 2794
1971 6820223 1257
1972 6821481 1393
1973 6822875 5119
1974 6827995 3052
1975 6831048 1316
1976 6832365 2740
1977 6835106 1436
1978 6836543 940
1979 6837484 2772
1980 6840257 1515
1981 6841773 927
1982 6842701 2964
1983 6845666 1206
1984 6846873 8712
1985 6855586 2616
1986 6858203 1626
1987 6859830 2186
1988 6862017 1975
1989 6863993 6228
1990 6870222 2091
1991 6872314 1569
1992 6873884 3086
1993 6876971 4054
1994 6881026 2654
1995 6883681 2852
1996 6886534 1057
1997 6887592 1439
1998 6889032 5394
1999 6894427 1667
2000 6896095 3517
2001 6899613 2066
2002 6901680 5639
2003 6907320 6621
2004 6913942 1141
2005 6915084 1428
2006 6916513 373
2007 6916887 2150
2008 6919038 2844
2009 6921883 1213
2010 6923097 1957
2011 6925055 884
2012 6925940 1835
2013 6927776 2951
2014 6930728 6746
2015 6937475 2674
2016 6940150 1581
2017 6941732 1760
2018 6943493 1689
2019 6945183 968
2020 6946152 8661
2021 6954814 5402
2022 6960217 5462
2023 6965680 5297
2024 6970978 6392
2025 6977371 2050
2026 6979422 18968
2027 6998391 7547
2028 7005939 1833
2029 7007773 1251
2030 7009025 2918
2031 7011944 1867
2032 7013812 2705
2033 7016518 4134
2034 7020653 1414
2035 7022068 608
2036 7022677 6371
2037 7029049 2374
2038 7031424 1813
2039 7033238 3314
2040 7036553 1872
2041 7038426 13103
2042 7051530 546
2043 7052077 1523
2044 7053601 2966
2045 7056568 2327
2046 7058896 2791
2047 7061688 17746
2048 7079435 742
2049 7080178 3201
2050 7083380 747
2051 7084128 6285
2052 7090414 5711
2053 7096126 10397
2054 7106524 4187
2055 7110712 6351
2056 7117064 2950
2057 7120015 6064
2058 7126080 6038
2059 7132119 1679
2060 7133799 6412
2061 7140212 3177
2062 7143390 6586
2063 7149977 8820
2064 7158798 1297
2065 7160096 2885
2066 7162982 1695
2067 7164678 3265
2068 7167944 5870
2069 7173815 6663
2070 7180479 6184
2071 7186664 6207
2072 7192872 9449
2073 7202322 9466
2074 7211789 1155
2075 7212945 711
2076 7213657 1133
2077 7214791 3765
2078 7218557 660
2079 7219218 5523
2080 7224742 1370
2081 7226113 2801
2082 7228915 2335
2083 7231251 12102
2084 7243354 2495
2085 7245850 25556
2086 7271407 3679
2087 7275087 3979
2088 7279067 12321
2089 7291389 4216
2090 7295606 3865
2091 7299472 14548
2092 7314021 12164
2093 7326186 3638
2094 7329825 1507
2095 7331333 8889
2096 7340223 1732
2097 7341956 676
2098 7342633 3164
2099 7345798 2768
2100 7348567 5668
2101 7354236 9410
2102 7363647 3986
2103 7367634 1097
2104 7368732 1667
2105 7370400 5457
2106 7375858 4560
2107 7380419 4460
2108 7384880 4357
2109 7389238 1852
2110 7391091 4345
2111 7395437 3632
2112 7399070 6121
2113 7405192 4178
2114 7409371 1120
2115 7410492 751
2116 7411244 8705
2117 7419950 3886
2118 7423837 6814
2119 7430652 1493
2120 7432146 2482
2121 7434629 1102
2122 7435732 1020
2123 7436753 1010
2124 7437764 5323
2125 7443088 10893
2126 7453982 760
2127 7454743 681
2128 7455425 3977
2129 7459403 9821
2130 7469225 1228
2131 7470454 3079
2132 7473534 783
2133 7474318 555
2134 7474874 630
2135 7475505 995
2136 7476501 729
2137 7477231 1724
2138 7478956 12190
2139 7491147 4290
2140 7495438 11095
2141 7506534 3586
2142 7510121 2675
2143 7512797 727
2144 7513525 5879
2145 7519405 3250
2146 7522656 8780
2147 7531437 3997
2148 7535435 1992
2149 7537428 3338
2150 7540767 7371
2151 7548139 2580
2152 7550720 2674
2153 7553395 9377
2154 7562773 18738
2155 7581512 3086
2156 7584599 2741
2157 7587341 5264
2158 7592606 2239
2159 7594846 4215
2160 7599062 6398
2161 7605461 960
2162 7606422 4833
2163 7611256 8100
2164 7619357 5278
2165 7624636 6469
2166 7631106 930
2167 7632037 3714
2168 7635752 2900
2169 7638653 3523
2170 7642177 2533
2171 7644711 3642
2172 7648354 4644
2173 7652999 9361
2174 7662361 9329
2175 7671691 11505
2176 7683197 2158
2177 7685356 4703
2178 7690060 2720
2179 7692781 1669
2180 7694451 5701
2181 7700153 2028
2182 7702182 1931
2183 7704114 8175
2184 7712290 8601
2185 7720892 2727
2186 7723620 4383
2187 7728004 3089
2188 7731094 1926
2189 7733021 10382
2190 7743404 6220
2191 7749625 4672
2192 7754298 5302
2193 7759601 1297
2194 7760899 1863
2195 7762763 3566
2196 7766330 3710
2197 7770041 2539
2198 7772581 7489
2199 7780071 6820
2200 7786892 6299
2201 7793192 8542
2202 7801735 3114
2203 7804850 2833
2204 7807684 1855
2205 7809540 6892
2206 7816433 3382
2207 7819816 2673
2208 7822490 1157
2209 7823648 11559
2210 7835208 10815
2211 7846024 9826
2212 7855851 6893
2213 7862745 8597
2214 7871343 2243
2215 7873587 508
2216 7874096 2719
2217 7876816 611
2218 7877428 6265
2219 7883694 4296
2220 7887991 2284
2221 7890276 8917
2222 7899194 6349
2223 7905544 1564
2224 7907109 7242
2225 7914352 2757
2226 7917110 7671
2227 7924782 4417
2228 7929200 2893
2229 7932094 6198
2230 7938293 9238
2231 7947532 2929
2232 7950462 4291
2233 7954754 3895
2234 7958650 1726
2235 7960377 6386
2236 7966764 5310
2237 7972075 5100
2238 7977176 7847
2239 7985024 1858
2240 7986883 2816
2241 7989700 1980
2242 7991681 3109
2243 7994791 6306
2244 8001098 980
2245 8002079 6505
2246 8008585 928
2247 8009514 1144
2248 8010659 808
2249 8011468 6319
2250 8017788 2853
2251 8020642 5072
2252 8025715 8964
2253 8034680 7237
2254 8041918 1810
2255 8043729 5379
2256 8049109 3554
2257 8052664 1500
2258 8054165 666
2259 8054832 3239
2260 8058072 9052
2261 8067125 2895
2262 8070021 2240
2263 8072262 5583
2264 8077846 1297
2265 8079144 4419
2266 8083564 715
2267 8084280 2532
2268 8086813 1521
2269 8088335 1112
2270 8089448 2489
2271 8091938 4304
2272 8096243 2934
2273 8099178 5419
2274 8104598 5854
2275 8110453 4467
2276 8114921 2774
2277 8117696 2058
2278 8119755 1066
2279 8120822 816
2280 8121639 2663
2281 8124303 5755
2282 8130059 962
2283 8131022 1780
2284 8132803 1707
2285 8134511 7256
2286 8141768 1215
2287 8142984 2240
2288 8145225 2452
2289 8147678 1416
2290 8149095 570
2291 8149666 5019
2292 8154686 6108
2293 8160795 11614
2294 8172410 1226
2295 8173637 2315
2296 8175953 1020
2297 8176974 1243
2298 8178218 2167
2299 8180386 2751
2300 8183138 5194
2301 8188333 2450
2302 8190784 3042
2303 8193827 20038
2304 8213866 2845
2305 8216712 1609
2306 8218322 2224
2307 8220547 1746
2308 8222294 1423
2309 8223718 7242
2310 8230961 4600
2311 8235562 12577
2312 8248140 2406
2313 8250547 1828
2314 8252376 1442
2315 8253819 3087
2316 8256907 1396
2317 8258304 3882
2318 8262187 1094
2319 8263282 1115
2320 8264398 1315
2321 8265714 2331
2322 8268046 1938
2323 8269985 2333
2324 8272319 3450
2325 8275770 988
2326 8276759 7080
2327 8283840 5098
2328 8288939 6404
2329 8295344 4436
2330 8299781 3714
2331 8303496 2767
2332 8306264 30580
2333 8336845 3892
2334 8340738 5003
2335 8345742 2832
2336 8348575 1939
2337 8350515 4581
2338 8355097 1251
2339 8356349 2579
2340 8358929 1056
2341 8359986 1112
2342 8361099 2120
2343 8363220 1957
2344 8365178 6201
2345 8371380 631
2346 8372012 3064
2347 8375077 1204
2348 8376282 2260
2349 8378543 3457
2350 8382001 4113
2351 8386115 4301
2352 8390417 6159
2353 8396577 3716
2354 8400294 725
2355 8401020 4293
2356 8405314 4097
2357 8409412 554
2358 8409967 990
2359 8410958 1581
2360 8412540 3677
2361 8416218 3598
2362 8419817 4812
2363 8424630 2716
2364 8427347 2099
2365 8429447 3151
2366 8432599 829
2367 8433429 3125
2368 8436555 2360
2369 8438916 2665
2370 8441582 3361
2371 8444944 2572
2372 8447517 3824
2373 8451342 2063
2374 8453406 1880
2375 8455287 4375
2376 8459663 1449
2377 8461113 4416
2378 8465530 3899
2379 8469430 5586
2380 8475017 6570
2381 8481588 4416
2382 8486005 1772
2383 8487778 6435
2384 8494214 2557
2385 8496772 3464
2386 8500237 2719
2387 8502957 10277
2388 8513235 760
2389 8513996 8860
2390 8522857 2229
2391 8525087 2541
2392 8527629 2417
2393 8530047 1330
2394 8531378 2966
2395 8534345 10112
2396 8544458 1303
2397 8545762 3932
2398 8549695 1112
2399 8550808 481
2400 8551290 10547
2401 8561838 1858
2402 8563697 3373
2403 8567071 3264
2404 8570336 3467
2405 8573804 9542
2406 8583347 2186
2407 8585534 1111
2408 8586646 778
2409 8587425 1042
2410 8588468 1855
2411 8590324 8481
2412 8598806 3463
2413 8602270 6328
2414 8608599 4718
2415 8613318 5500
2416 8618819 1731
2417 8620551 5298
2418 8625850 1685
2419 8627536 1696
2420 8629233 6668
2421 8635902 2781
2422 8638684 1521
2423 8640206 2088
2424 8642295 2595
2425 8644891 2599
2426 8647491 3676
2427 8651168 1987
2428 8653156 3126
2429 8656283 2456
2430 8658740 7743
2431 8666484 2670
2432 8669155 2035
2433 8671191 6187
2434 8677379 4244
2435 8681624 4324
2436 8685949 3405
2437 8689355 6769
2438 8696125 3577
2439 8699703 3275
2440 8702979 4625
2441 8707605 5169
2442 8712775 4428
2443 8717204 3348
2444 8720553 4066
2445 8724620 1148
2446 8725769 7803
2447 8733573 4540
2448 8738114 4339
2449 8742454 4345
2450 8746800 4058
2451 8750859 5465
2452 8756325 7596
2453 8763922 2313
2454 8766236 2120
2455 8768357 2923
2456 8771281 2921
2457 8774203 4617
2458 8778821 5334
2459 8784156 3121
2460 8787278 4059
2461 8791338 5349
2462 8796688 4650
2463 8801339 5027
2464 8806367 2477
2465 8808845 2703
2466 8811549 2947
2467 8814497 8068
2468 8822566 1237
2469 8823804 785
2470 8824590 4105
2471 8828696 3261
2472 8831958 1543
2473 8833502 9769
2474 8843272 2978
2475 8846251 8569
2476 8854821 3890
2477 8858712 5147
2478 8863860 4829
2479 8868690 8445
2480 8877136 4717
2481 8881854 3884
2482 8885739 542
2483 8886282 4607
2484 8890890 4255
2485 8895146 3736
2486 8898883 5722
2487 8904606 7119
2488 8911726 6309
2489 8918036 2518
2490 8920555 3302
2491 8923858 970
2492 8924829 22543
2493 8947373 18230
2494 8965604 2565
2495 8968170 8302
2496 8976473 1639
2497 8978113 2388
2498 8980502 6955
2499 8987458 3282
2500 8990741 10809
2501 9001551 2865
2502 9004417 3440
2503 9007858 3189
2504 9011048 4765
2505 9015814 7137
2506 9022952 6794
2507 9029747 6073
2508 9035821 1060
2509 9036882 2759
2510 9039642 3409
2511 9043052 1062
2512 9044115 2423
2513 9046539 1553
2514 9048093 6111
2515 9054205 13306
2516 9067512 2095
2517 9069608 12672
2518 9082281 6302
2519 9088584 2865
2520 9091450 4971
2521 9096422 1953
2522 9098376 8899
2523 9107276 6463
2524 9113740 2453
2525 9116194 6102
2526 9122297 5125
2527 9127423 7748
2528 9135172 10794
2529 9145967 1820
2530 9147788 7120
2531 9154909 3590
2532 9158500 490
2533 9158991 3891
2534 9162883 778
2535 9163662 898
2536 9164561 5667
2537 9170229 1506
2538 9171736 2156
2539 9173893 2633
2540 9176527 3676
2541 9180204 3232
2542 9183437 2096
2543 9185534 4773
2544 9190308 9838
2545 9200147 607
2546 9200755 3169
2547 9203925 3427
2548 9207353 3776
2549 9211130 9820
2550 9220951 1628
2551 9222580 3091
2552 9225672 3672
2553 9229345 1981
2554 9231327 4401
2555 9235729 1388
2556 9237118 9437
2557 9246556 4486
2558 9251043 2595
2559 9253639 3583
2560 9257223 1667
2561 9258891 1481
2562 9260373 1517
2563 9261891 4717
2564 9266609 2873
2565 9269483 8362
2566 9277846 7645
2567 9285492 5305
2568 9290798 3008
2569 9293807 7026
2570 9300834 1189
2571 9302024 2817
2572 9304842 2588
2573 9307431 1961
2574 9309393 2330
2575 9311724 547
2576 9312272 5740
2577 9318013 538
2578 9318552 2045
2579 9320598 6492
2580 9327091 5766
2581 9332858 2484
2582 9335343 3046
2583 9338390 8801
2584 9347192 3563
2585 9350756 3045
2586 9353802 8914
2587 9362717 4025
2588 9366743 3384
2589 9370128 3622
2590 9373751 1454
2591 9375206 4478
2592 9379685 1046
2593 9380732 1796
2594 9382529 5489
2595 9388019 2086
2596 9390106 1815
2597 9391922 15780
2598 9407703 5727
2599 9413431 2257
2600 9415689 2621
2601 9418311 5295
2602 9423607 3886
2603 9427494 13356
2604 9440851 3782
2605 9444634 1842
2606 9446477 3540
2607 9450018 6415
2608 9456434 2938
2609 9459373 550
2610 9459924 4676
2611 9464601 4540
2612 9469142 2722
2613 9471865 4722
2614 9476588 2146
2615 9478735 750
2616 9479486 1467
2617 9480954 3229
2618 9484184 1216
2619 9485401 1768
2620 9487170 4509
2621 9491680 1099
2622 9492780 4083
2623 9496864 1807
2624 9498672 2101
2625 9500774 4820
2626 9505595 2567
2627 9508163 2575
2628 9510739 383
2629 9511123 1508
2630 9512632 1498
2631 9514131 2145
2632 9516277 1483
2633 9517761 1079
2634 9518841 2624
2635 9521466 1033
2636 9522500 356
2637 9522857 4582
2638 9527440 1303
2639 9528744 891
2640 9529636 3796
2641 9533433 1330
2642 9534764 3046
2643 9537811 2557
2644 9540369 563
2645 9540933 1279
2646 9542213 1236
2647 9543450 2480
2648 9545931 1187
2649 9547119 1333
2650 9548453 7275
2651 9555729 6889
2652 9562619 2035
2653 9564655 1332
2654 9565988 528
2655 9566517 1337
2656 9567855 2263
2657 9570119 4484
2658 9574604 1560
2659 9576165 11519
2660 9587685 2071
2661 9589757 830
2662 9590588 946
2663 9591535 1087
2664 9592623 1842
2665 9594466 738
2666 9595205 11541
2667 9606747 1771
2668 9608519 2889
2669 9611409 3614
2670 9615024 973
2671 9615998 2174
2672 9618173 1226
2673 9619400 4676
2674 9624077 338
2675 9624416 7039
2676 9631456 1062
2677 9632519 1770
2678 9634290 2581
2679 9636872 1507
2680 9638380 1270
2681 9639651 1634
2682 9641286 2965
2683 9644252 1301
2684 9645554 6338
2685 9651893 2673
2686 9654567 470
2687 9655038 4251
2688 9659290 545
2689 9659836 1468
2690 9661305 2091
2691 9663397 2737
2692 9666135 3109
2693 9669245 1365
2694 9670611 1515
2695 9672127 1125
2696 9673253 1440
2697 9674694 2338
2698 9677033 604
2699 9677638 2637
2700 9680276 2735
2701 9683012 3586
2702 9686599 3486
2703 9690086 3753
2704 9693840 3036
2705 9696877 4312
2706 9701190 4008
2707 9705199 4163
2708 9709363 3560
2709 9712924 3612
2710 9716537 3823
2711 9720361 4014
2712 9724376 3488
2713 9727865 3756
2714 9731622 3459
2715 9735082 3107
2716 9738190 3147
2717 9741338 4074
2718 9745413 3234
2719 9748648 3342
2720 9751991 3470
2721 9755462 3532
2722 9758995 4666
2723 9763662 1509
2724 9765172 3394
2725 9768567 4968
2726 9773536 3299
2727 9776836 3653
2728 9780490 3743
2729 9784234 3499
2730 9787734 2748
2731 9790483 3245
2732 9793729 3663
2733 9797393 3208
2734 9800602 3559
2735 9804162 18818
2736 9822981 4423
2737 9827405 3750
2738 9831156 3566
2739 9834723 4296
2740 9839020 1237
2741 9840258 931
2742 9841190 2907
2743 9844098 4006
2744 9848105 3436
2745 9851542 3545
2746 9855088 2627
2747 9857716 1116
2748 9858833 4189
2749 9863023 19609
2750 9882633 4789
2751 9887423 3318
2752 9890742 4700
2753 9895443 3266
2754 9898710 3606
2755 9902317 1323
2756 9903641 5498
2757 9909140 1270
2758 9910411 1982
2759 9912394 2686
2760 9915081 2432
2761 9917514 1230
2762 9918745 1155
2763 9919901 6801
2764 9926703 3147
2765 9929851 2623
2766 9932475 5134
2767 9937610 1926
2768 9939537 2538
2769 9942076 4660
2770 9946737 4629
2771 9951367 4412
2772 9955780 3107
2773 9958888 7670
2774 9966559 5792
2775 9972352 3532
2776 9975885 3351
2777 9979237 2355
2778 9981593 3412
2779 9985006 2172
2780 9987179 2037
2781 9989217 9133
2782 9998351 5404
2783 10003756 7278
2784 10011035 5269
2785 10016305 4675
2786 10020981 7999
2787 10028981 11601
2788 10040583 6148
2789 10046732 1438
2790 10048171 1857
2791 10050029 995
2792 10051025 5247
2793 10056273 2943
2794 10059217 688
2795 10059906 4151
2796 10064058 833
2797 10064892 3130
2798 10068023 751
2799 10068775 932
2800 10069708 4195
2801 10073904 3649
2802 10077554 1287
2803 10078842 1801
2804 10080644 1160
2805 10081805 1648
2806 10083454 890
2807 10084345 2460
2808 10086806 4397
2809 10091204 4698
2810 10095903 1134
2811 10097038 2262
2812 10099301 984
2813 10100286 1992
2814 10102279 908
2815 10103188 1223
2816 10104412 1513
2817 10105926 585
2818 10106512 3990
2819 10110503 1444
2820 10111948 4778
2821 10116727 2471
2822 10119199 2096
2823 10121296 2518
2824 10123815 2263
2825 10126079 3505
2826 10129585 1696
2827 10131282 1154
2828 10132437 2581
2829 10135019 2016
2830 10137036 1915
2831 10138952 4305
2832 10143258 14177
2833 10157436 2134
2834 10159571 6378
2835 10165950 13448
2836 10179399 8944
2837 10188344 3670
2838 10192015 4577
2839 10196593 3604
2840 10200198 5524
2841 10205723 1687
2842 10207411 3951
2843 10211363 1880
2844 10213244 9574
2845 10222819 6456
2846 10229276 2471
2847 10231748 4393
2848 10236142 7531
2849 10243674 2074
2850 10245749 3697
2851 10249447 4205
2852 10253653 1098
2853 10254752 2202
2854 10256955 808
2855 10257764 1088
2856 10258853 2915
2857 10261769 4419
2858 10266189 9520
2859 10275710 2195
2860 10277906 3182
2861 10281089 2127
2862 10283217 2303
2863 10285521 26771
2864 10312293 1897
2865 10314191 1777
2866 10315969 5237
2867 10321207 5459
2868 10326667 2520
2869 10329188 3421
2870 10332610 4727
2871 10337338 3714
2872 10341053 3392
2873 10344446 15105
2874 10359552 4097
2875 10363650 3530
2876 10367181 9964
2877 10377146 1659
2878 10378806 1488
2879 10380295 5791
2880 10386087 10730
2881 10396818 4883
2882 10401702 3805
2883 10405508 2194
2884 10407703 1267
2885 10408971 667
2886 10409639 1537
2887 10411177 4552
2888 10415730 2734
2889 10418465 1942
2890 10420408 8573
2891 10428982 6135
2892 10435118 5116
2893 10440235 1957
2894 10442193 6451
2895 10448645 2959
2896 10451605 2913
2897 10454519 7359
2898 10461879 1687
2899 10463567 1952
2900 10465520 2611
2901 10468132 1690
2902 10469823 1591
2903 10471415 10526
2904 10481942 7445
2905 10489388 3310
2906 10492699 2996
2907 10495696 1926
2908 10497623 5533
2909 10503157 8033
2910 10511191 3166
2911 10514358 612
2912 10514971 3631
2913 10518603 4970
2914 10523574 6786
2915 10530361 924
2916 10531286 2342
2917 10533629 4257
2918 10537887 3525
2919 10541413 2878
2920 10544292 5485
2921 10549778 5015
2922 10554794 7184
2923 10561979 1151
2924 10563131 3906
2925 10567038 1356
2926 10568395 7179
2927 10575575 3276
2928 10578852 4365
2929 10583218 4797
2930 10588016 2336
2931 10590353 5909
2932 10596263 2286
2933 10598550 1740
2934 10600291 14761
2935 10615053 5304
2936 10620358 1365
2937 10621724 5512
2938 10627237 1422
2939 10628660 6471
2940 10635132 4536
2941 10639669 9548
2942 10649218 1753
2943 10650972 3444
2944 10654417 9493
2945 10663911 3888
2946 10667800 7749
2947 10675550 13381
2948 10688932 3765
2949 10692698 13710
2950 10706409 1521
2951 10707931 2828
2952 10710760 960
2953 10711721 1084
2954 10712806 15006
2955 10727813 6257
2956 10734071 13713
2957 10747785 720
2958 10748506 2747
2959 10751254 2041
2960 10753296 2566
2961 10755863 2766
2962 10758630 1759
2963 10760390 19180
2964 10779571 8824
2965 10788396 3510
2966 10791907 3426
2967 10795334 3321
2968 10798656 3286
2969 10801943 436
2970 10802380 2917
2971 10805298 4006
2972 10809305 2932
2973 10812238 917
2974 10813156 677
2975 10813834 3838
2976 10817673 27796
2977 10845470 4194
2978 10849665 7181
2979 10856847 9081
2980 10865929 29076
2981 10895006 19035
2982 10914042 939
2983 10914982 613
2984 10915596 2295
2985 10917892 1585
2986 10919478 4945
2987 10924424 3283
2988 10927708 3992
2989 10931701 2474
2990 10934176 4541
2991 10938718 1133
2992 10939852 2001
2993 10941854 680
2994 10942535 427
2995 10942963 9612
2996 10952576 2289
2997 10954866 863
2998 10955730 3528
2999 10959259 899
3000 10960159 2590
3001 10962750 3118
3002 10965869 348
3003 10966218 7048
3004 10973267 18876
3005 10992144 5617
3006 10997762 1291
3007 10999054 2156
3008 11001211 2327
3009 11003539 2576
3010 11006116 1258
3011 11007375 8729
3012 11016105 3595
3013 11019701 2365
3014 11022067 21886
3015 11043954 864
3016 11044819 397
3017 11045217 1148
3018 11046366 3836
3019 11050203 1131
3020 11051335 3531
3021 11054867 3206
3022 11058074 1551
3023 11059626 1326
3024 11060953 1978
3025 11062932 2160
3026 11065093 1313
3027 11066407 3890
3028 11070298 550
3029 11070849 6448
3030 11077298 2521
3031 11079820 3598
3032 11083419 805
3033 11084225 1267
3034 11085493 2264
3035 11087758 673
3036 11088432 790
3037 11089223 4996
3038 11094220 7380
3039 11101601 1315
3040 11102917 1091
3041 11104009 9037
3042 11113047 11160
3043 11124208 9183
3044 11133392 15903
3045 11149296 8666
3046 11157963 8359
3047 11166323 7274
3048 11173598 11181
3049 11184780 19438
3050 11204219 13522
3051 11217742 5477
3052 11223220 512
3053 11223733 844
3054 11224578 3211
3055 11227790 7344
3056 11235135 559
3057 11235695 1551
3058 11237247 3477
3059 11240725 2108
3060 11242834 9137
3061 11251972 8009
3062 11259982 8541
3063 11268524 4643
3064 11273168 2699
3065 11275868 4095
3066 11279964 7132
3067 11287097 3419
3068 11290517 2848
3069 11293366 691
3070 11294058 1070
3071 11295129 1652
3072 11296782 6648
3073 11303431 1364
3074 11304796 11391
3075 11316188 6332
3076 11322521 4424
3077 11326946 25189
3078 11352136 3758
3079 11355895 5094
3080 11360990 8368
3081 11369359 9753
3082 11379113 4569
3083 11383683 9586
3084 11393270 12729
3085 11406000 4674
3086 11410675 10919
3087 11421595 5117
3088 11426713 1768
3089 11428482 3826
3090 11432309 4779
3091 11437089 3722
3092 11440812 10689
3093 11451502 9856
3094 11461359 6788
3095 11468148 6054
3096 11474203 6562
3097 11480766 5790
3098 11486557 4085
3099 11490643 3853
3100 11494497 3492
3101 11497990 3820
3102 11501811 3302
3103 11505114 12208
3104 11517323 12709
3105 11530033 4241
3106 11534275 2831
3107 11537107 5578
3108 11542686 15833
3109 11558520 4287
3110 11562808 739
3111 11563548 1221
3112 11564770 4402
3113 11569173 4380
3114 11573554 2074
3115 11575629 12968
3116 11588598 6660
3117 11595259 8799
3118 11604059 7716
3119 11611776 10675
3120 11622452 6978
3121 11629431 8946
3122 11638378 2356
3123 11640735 8137
3124 11648873 8273
3125 11657147 3909
3126 11661057 5744
3127 11666802 2533
3128 11669336 13199
3129 11682536 4681
3130 11687218 545
3131 11687764 1534
3132 11689299 3048
3133 11692348 694
3134 11693043 685
3135 11693729 708
3136 11694438 675
3137 11695114 716
3138 11695831 710
3139 11696542 663
3140 11697206 644
3141 11697851 668
3142 11698520 638
3143 11699159 731
3144 11699891 699
3145 11700591 647
3146 11701239 686
3147 11701926 707
3148 11702634 664
3149 11703299 699
3150 11703999 679
3151 11704679 686
3152 11705366 706
3153 11706073 688
3154 11706762 680
3155 11707443 707
3156 11708151 666
3157 11708818 693
3158 11709512 714
3159 11710227 706
3160 11710934 667
3161 11711602 681
3162 11712284 716
3163 11713001 692
3164 11713694 679
3165 11714374 657
3166 11715032 712
3167 11715745 659
3168 11716405 698
3169 11717104 685
3170 11717790 630
3171 11718421 668
3172 11719090 680
3173 11719771 692
3174 11720464 680
3175 11721145 720
3176 11721866 641
3177 11722508 652
3178 11723161 693
3179 11723855 681
3180 11724537 668
3181 11725206 671
3182 11725878 683
3183 11726562 698
3184 11727261 714
3185 11727976 659
3186 11728636 684
3187 11729321 656
3188 11729978 724
3189 11730703 680
3190 11731384 649
3191 11732034 678
3192 11732713 661
3193 11733375 672
3194 11734048 660
3195 11734709 647
3196 11735357 660
3197 11736018 655
3198 11736674 678
3199 11737353 656
3200 11738010 722
3201 11738733 675
3202 11739409 662
3203 11740072 692
3204 11740765 668
3205 11741434 678
3206 11742113 675
3207 11742789 680
3208 11743470 679
3209 11744150 701
3210 11744852 672
3211 11745525 713
3212 11746239 667
3213 11746907 696
3214 11747604 699
3215 11748304 675
3216 11748980 651
3217 11749632 677
3218 11750310 668
3219 11750979 699
3220 11751679 668
3221 11752348 720
3222 11753069 667
3223 11753737 681
3224 11754419 668
3225 11755088 717
3226 11755806 674
3227 11756481 668
3228 11757150 670
3229 11757821 714
3230 11758536 631
3231 11759168 690
3232 11759859 661
3233 11760521 692
3234 11761214 661
3235 11761876 703
3236 11762580 689
3237 11763270 684
3238 11763955 674
3239 11764630 704
3240 11765335 733
3241 11766069 643
3242 11766713 665
3243 11767379 683
3244 11768063 684
3245 11768748 685
3246 11769434 685
3247 11770120 720
3248 11770841 676
3249 11771518 687
3250 11772206 706
3251 11772913 673
3252 11773587 669
3253 11774257 715
3254 11774973 730
3255 11775704 681
3256 11776386 698
3257 11777085 676
3258 11777762 657
3259 11778420 664
3260 11779085 671
3261 11779757 699
3262 11780457 659
3263 11781117 703
3264 11781821 671
3265 11782493 690
3266 11783184 668
3267 11783853 694
3268 11784548 663
3269 11785212 670
3270 11785883 702
3271 11786586 663
3272 11787250 690
3273 11787941 668
3274 11788610 709
3275 11789320 709
3276 11790030 655
3277 11790686 673
3278 11791360 690
3279 11792051 669
3280 11792721 662
3281 11793384 671
3282 11794056 656
3283 11794713 712
3284 11795426 667
3285 11796094 654
3286 11796749 655
3287 11797405 698
3288 11798104 711
3289 11798816 733
3290 11799550 707
3291 11800258 656
3292 11800915 683
3293 11801599 688
3294 11802288 658
3295 11802947 699
3296 11803647 654
3297 11804302 664
3298 11804967 675
3299 11805643 653
3300 11806297 667
3301 11806965 698
3302 11807664 653
3303 11808318 644
3304 11808963 700
3305 11809664 660
3306 11810325 676
3307 11811002 646
3308 11811649 698
3309 11812348 662
3310 11813011 672
3311 11813684 663
3312 11814348 667
3313 11815016 719
3314 11815736 722
3315 11816459 726
3316 11817186 659
3317 11817846 725
3318 11818572 688
3319 11819261 657
3320 11819919 663
3321 11820583 646
3322 11821230 684
3323 11821915 643
3324 11822559 649
3325 11823209 672
3326 11823882 652
3327 11824535 670
3328 11825206 657
3329 11825864 684
3330 11826549 648
3331 11827198 697
3332 11827896 674
3333 11828571 658
3334 11829230 690
3335 11829921 671
3336 11830593 655
3337 11831249 697
3338 11831947 683
3339 11832631 658
3340 11833290 663
3341 11833954 668
3342 11834623 658
3343 11835282 696
3344 11835979 693
3345 11836673 662
3346 11837336 655
3347 11837992 700
3348 11838693 677
3349 11839371 666
3350 11840038 684
3351 11840723 668
3352 11841392 651
3353 11842044 698
3354 11842743 736
3355 11843480 696
3356 11844177 661
3357 11844839 710
3358 11845550 709
3359 11846260 702
3360 11846963 718
3361 11847682 721
3362 11848404 695
3363 11849100 690
3364 11849791 690
3365 11850482 708
3366 11851191 693
3367 11851885 656
3368 11852542 700
3369 11853243 655
3370 11853899 651
3371 11854551 663
3372 11855215 706
3373 11855922 669
3374 11856592 684
3375 11857277 657
3376 11857935 651
3377 11858587 646
3378 11859234 705
3379 11859940 670
3380 11860611 652
3381 11861264 694
3382 11861959 666
3383 11862626 672
3384 11863299 695
3385 11863995 651
3386 11864647 703
3387 11865351 646
3388 11865998 738
3389 11866737 732
3390 11867470 735
3391 11868206 687
3392 11868894 642
3393 11869537 665
3394 11870203 655
3395 11870859 669
3396 11871529 636
3397 11872166 682
3398 11872849 630
3399 11873480 640
3400 11874121 664
3401 11874786 643
3402 11875430 671
3403 11876102 702
3404 11876805 652
3405 11877458 696
3406 11878155 682
3407 11878838 709
3408 11879548 706
3409 11880255 680
3410 11880936 666
3411 11881603 683
3412 11882287 667
3413 11882955 669
3414 11883625 649
3415 11884275 675
3416 11884951 705
3417 11885657 694
3418 11886352 651
3419 11887004 703
3420 11887708 690
3421 11888399 654
3422 11889054 726
3423 11889781 686
3424 11890468 642
3425 11891111 668
3426 11891780 650
3427 11892431 655
3428 11893087 652
3429 11893740 630
3430 11894371 667
3431 11895039 647
3432 11895687 646
3433 11896334 656
3434 11896991 651
3435 11897643 668
3436 11898312 695
3437 11899008 662
3438 11899671 694
3439 11900366 650
3440 11901017 672
3441 11901690 650
3442 11902341 721
3443 11903063 692
3444 11903756 690
3445 11904447 697
3446 11905145 675
3447 11905821 669
3448 11906491 656
3449 11907148 673
3450 11907822 657
3451 11908480 671
3452 11909152 659
3453 11909812 691
3454 11910504 667
3455 11911172 696
3456 11911869 701
3457 11912571 697
3458 11913269 676
3459 11913946 672
3460 11914619 664
3461 11915284 668
3462 11915953 691
3463 11916645 664
3464 11917310 674
3465 11917985 659
3466 11918645 651
3467 11919297 646
3468 11919944 655
3469 11920600 645
3470 11921246 646
3471 11921893 664
3472 11922558 646
3473 11923205 643
3474 11923849 691
3475 11924541 666
3476 11925208 664
3477 11925873 696
3478 11926570 696
3479 11927267 663
3480 11927931 700
3481 11928632 667
3482 11929300 671
3483 11929972 688
3484 11930661 674
3485 11931336 661
3486 11931998 695
3487 11932694 670
3488 11933365 701
3489 11934067 692
3490 11934760 704
3491 11935465 659
3492 11936125 652
3493 11936778 646
3494 11937425 694
3495 11938120 688
3496 11938809 670
3497 11939480 663
3498 11940144 673
3499 11940818 661
3500 11941480 687
3501 11942168 668
3502 11942837 642
3503 11943480 649
3504 11944130 645
3505 11944776 644
3506 11945421 650
3507 11946072 654
3508 11946727 659
3509 11947387 625
3510 11948013 638
3511 11948652 666
3512 11949319 656
3513 11949976 675
3514 11950652 697
3515 11951350 662
3516 11952013 670
3517 11952684 655
3518 11953340 668
3519 11954009 666
3520 11954676 633
3521 11955310 637
3522 11955948 664
3523 11956613 687
3524 11957301 660
3525 11957962 663
3526 11958626 668
3527 11959295 635
3528 11959931 684
3529 11960616 662
3530 11961279 691
3531 11961971 663
3532 11962635 687
3533 11963323 656
3534 11963980 660
3535 11964641 662
3536 11965304 650
3537 11965955 641
3538 11966597 670
3539 11967268 666
3540 11967935 639
3541 11968575 637
3542 11969213 701
3543 11969915 671
3544 11970587 636
3545 11971224 636
3546 11971861 635
3547 11972497 656
3548 11973154 721
3549 11973876 680
3550 11974557 638
3551 11975196 646
3552 11975843 636
3553 11976480 659
3554 11977140 644
3555 11977785 662
3556 11978448 644
3557 11979093 644
3558 11979738 671
3559 11980410 653
3560 11981064 655
3561 11981720 693
3562 11982414 636
3563 11983051 644
3564 11983696 658
3565 11984355 2660
3566 11987016 2711
3567 11989728 1910
3568 11991639 2412
3569 11994052 7016
3570 12001069 1538
3571 12002608 1146
3572 12003755 1146
3573 12004902 1146
3574 12006049 1146
3575 12007196 1146
3576 12008343 1146
3577 12009490 1146
3578 12010637 1146
3579 12011784 1146
3580 12012931 1135
3581 12014067 8059
3582 12022127 5534
3583 12027662 1312
3584 12028975 1988
3585 12030964 4659
3586 12035624 6765
3587 12042390 7944
3588 12050335 3908
3589 12054244 1217
3590 12055462 8800
3591 12064263 5886
3592 12070150 2084
3593 12072235 4447
3594 12076683 1950
3595 12078634 2418
3596 12081053 1268
3597 12082322 2921
3598 12085244 2177
3599 12087422 3032
3600 12090455 2571
3601 12093027 1512
3602 12094540 3417
3603 12097958 1653
3604 12099612 6260
3605 12105873 2450
3606 12108324 2128
3607 12110453 4967
3608 12115421 8539
3609 12123961 5109
3610 12129071 1459
3611 12130531 2463
3612 12132995 2338
3613 12135334 1812
3614 12137147 3509
3615 12140657 3927
3616 12144585 460
3617 12145046 2437
3618 12147484 2076
3619 12149561 2399
3620 12151961 2676
3621 12154638 7850
3622 12162489 5054
3623 12167544 5786
3624 12173331 4471
3625 12177803 2488
3626 12180292 2468
3627 12182761 7246
3628 12190008 8357
3629 12198366 621
3630 12198988 2773
3631 12201762 3218
3632 12204981 1797
3633 12206779 1913
3634 12208693 653
3635 12209347 507
3636 12209855 623
3637 12210479 2595
3638 12213075 2531
3639 12215607 1942
3640 12217550 5690
3641 12223241 2016
3642 12225258 3789
3643 12229048 8010
3644 12237059 4172
3645 12241232 2359
3646 12243592 1596
3647 12245189 3025
3648 12248215 1795
3649 12250011 8147
3650 12258159 1720
3651 12259880 3295
3652 12263176 3698
3653 12266875 6271
3654 12273147 1483
3655 12274631 2697
3656 12277329 2089
3657 12279419 3081
3658 12282501 1606
3659 12284108 8431
3660 12292540 3444
3661 12295985 3354
3662 12299340 7847
3663 12307188 8075
3664 12315264 8462
3665 12323727 5608
3666 12329336 7023
3667 12336360 1790
3668 12338151 6352
3669 12344504 8790
3670 12353295 3789
3671 12357085 2731
3672 12359817 2372
3673 12362190 3811
3674 12366002 4753
3675 12370756 4209
3676 12374966 6951
3677 12381918 8350
3678 12390269 8287
3679 12398557 5315
3680 12403873 7593
3681 12411467 2832
3682 12414300 1060
3683 12415361 3020
3684 12418382 10366
3685 12428749 7461
3686 12436211 7522
3687 12443734 1031
3688 12444766 2929
3689 12447696 8005
3690 12455702 6931
3691 12462634 4022
3692 12466657 9445
3693 12476103 9534
3694 12485638 2660
3695 12488299 3746
3696 12492046 5608
3697 12497655 14573
3698 12512229 3023
3699 12515253 4463
3700 12519717 7765
3701 12527483 6368
3702 12533852 2479
3703 12536332 3861
3704 12540194 3812
3705 12544007 1837
3706 12545845 3358
3707 12549204 4962
3708 12554167 2206
3709 12556374 1347
3710 12557722 3931
3711 12561654 979
3712 12562634 3493
3713 12566128 3303
3714 12569432 3623
3715 12573056 3236
3716 12576293 2442
3717 12578736 976
3718 12579713 1237
3719 12580951 7979
3720 12588931 6835
3721 12595767 4435
3722 12600203 7176
3723 12607380 1004
3724 12608385 3282
3725 12611668 8943
3726 12620612 2140
3727 12622753 6206
3728 12628960 6214
3729 12635175 1126
3730 12636302 794
3731 12637097 6622
3732 12643720 3547
3733 12647268 2646
3734 12649915 1013
3735 12650929 2157
3736 12653087 1024
3737 12654112 5321
3738 12659434 1986
3739 12661421 1519
3740 12662941 1871
3741 12664813 1190
3742 12666004 1197
3743 12667202 6601
3744 12673804 3728
3745 12677533 1018
3746 12678552 2445
3747 12680998 2196
3748 12683195 3226
3749 12686422 2559
3750 12688982 29699
3751 12718682 1116
3752 12719799 1731
3753 12721531 5097
3754 12726629 1254
3755 12727884 1638
3756 12729523 1719
3757 12731243 2397
3758 12733641 1666
3759 12735308 1578
3760 12736887 2592
3761 12739480 3191
3762 12742672 4554
3763 12747227 1773
3764 12749001 959
3765 12749961 1490
3766 12751452 2035
3767 12753488 1517
3768 12755006 1778
3769 12756785 1285
3770 12758071 1879
3771 12759951 1608
3772 12761560 848
3773 12762409 2736
3774 12765146 1847
3775 12766994 6000
3776 12772995 2686
3777 12775682 1384
3778 12777067 1195
3779 12778263 2706
3780 12780970 1445
3781 12782416 2332
3782 12784749 1457
3783 12786207 1329
3784 12787537 2173
3785 12789711 1518
3786 12791230 1732
3787 12792963 5086
3788 12798050 2569
3789 12800620 5467
3790 12806088 1665
3791 12807754 1291
3792 12809046 2945
3793 12811992 1592
3794 12813585 2748
3795 12816334 885
3796 12817220 1620
3797 12818841 4011
3798 12822853 3251
3799 12826105 2956
3800 12829062 3340
3801 12832403 2729
3802 12835133 1427
3803 12836561 1393
3804 12837955 909
3805 12838865 2156
3806 12841022 1115
3807 12842138 3335
3808 12845474 3206
3809 12848681 3731
3810 12852413 1751
3811 12854165 4813
3812 12858979 1802
3813 12860782 993
3814 12861776 1294
3815 12863071 1009
3816 12864081 1163
3817 12865245 4948
3818 12870194 2248
3819 12872443 1830
3820 12874274 1136
3821 12875411 1296
3822 12876708 1259
3823 12877968 4107
3824 12882076 1489
3825 12883566 2703
3826 12886270 2158
3827 12888429 1121
3828 12889551 1856
3829 12891408 5001
3830 12896410 2305
